0 273
0 519
0 38
0 350
0 148
1 134
1 61
1 647
1 650
1 317
2 449
2 261
2 359
2 119
2 170
3 517
3 156
3 388
3 83
3 131
3 221
4 365
4 31
4 352
4 216
4 22
5 501
5 431
5 44
5 274
5 21
6 460
6 442
6 617
6 445
6 190
7 590
7 638
7 580
7 677
7 520
8 682
8 348
8 235
8 217
8 117
9 354
9 531
9 68
9 310
9 555
10 427
10 610
10 446
10 193
10 139
11 470
11 126
11 495
11 362
11 322
11 233
12 319
12 20
12 441
12 559
12 261
13 399
13 360
13 504
13 62
13 199
14 130
14 399
14 77
14 360
14 493
15 64
15 665
15 513
15 140
15 153
16 151
16 585
16 410
16 342
16 616
17 679
17 483
17 510
17 628
17 341
18 25
18 549
18 509
18 383
18 417
19 29
19 325
19 444
19 237
19 353
20 435
20 472
20 643
20 336
20 367
21 508
21 274
21 652
21 5
21 437
22 39
22 414
22 31
22 4
22 365
23 572
23 361
23 291
23 473
23 343
24 265
24 604
24 567
24 260
24 166
25 18
25 549
25 509
25 417
25 627
26 7
26 401
26 580
26 245
26 130
27 542
27 144
27 454
27 464
27 314
28 154
28 468
28 414
28 185
28 674
29 325
29 19
29 444
29 237
29 353
30 586
30 56
30 503
30 334
30 635
30 241
31 4
31 414
31 271
31 22
31 216
32 405
32 476
32 428
32 636
32 215
33 68
33 174
33 128
33 46
33 395
34 513
34 226
34 257
34 551
34 500
35 470
35 126
35 495
35 362
35 322
35 233
36 376
36 50
36 285
36 154
36 468
37 418
37 563
37 547
37 202
37 321
38 121
38 350
38 613
38 162
38 273
39 466
39 205
39 298
39 216
39 76
40 152
40 672
40 113
40 637
40 143
41 586
41 56
41 503
41 334
41 635
41 241
42 232
42 171
42 326
42 365
42 379
43 615
43 262
43 165
43 344
43 510
44 92
44 431
44 508
44 573
44 491
45 312
45 227
45 214
45 636
45 393
46 423
46 338
46 256
46 269
46 395
47 465
47 22
47 326
47 4
47 391
48 454
48 514
48 340
48 560
48 70
49 627
49 44
49 291
49 196
49 533
50 317
50 370
50 214
50 621
50 285
51 610
51 268
51 335
51 446
51 539
51 528
52 517
52 156
52 388
52 83
52 131
52 221
53 491
53 92
53 316
53 250
53 159
54 416
54 466
54 226
54 189
54 292
55 301
55 169
55 223
55 236
55 403
56 586
56 503
56 334
56 635
56 241
57 660
57 337
57 167
57 59
57 160
58 94
58 438
58 265
58 291
58 632
59 57
59 337
59 660
59 330
59 544
60 524
60 379
60 391
60 245
60 248
61 227
61 383
61 18
61 534
61 214
62 504
62 199
62 385
62 276
62 399
63 29
63 325
63 19
63 444
63 237
63 353
64 578
64 513
64 153
64 15
64 358
65 560
65 48
65 426
65 70
65 136
66 146
66 240
66 461
66 487
66 212
66 541
67 564
67 460
67 319
67 416
67 290
68 625
68 337
68 378
68 572
68 372
69 195
69 301
69 659
69 269
69 328
70 454
70 514
70 340
70 48
70 560
71 655
71 430
71 287
71 157
71 375
72 236
72 192
72 459
72 456
72 370
73 131
73 408
73 259
73 306
73 91
74 309
74 387
74 116
74 422
74 409
75 119
75 282
75 449
75 359
75 272
76 298
76 216
76 172
76 514
76 591
77 62
77 399
77 14
77 130
77 493
78 186
78 529
78 294
78 188
78 311
79 634
79 285
79 308
79 297
79 604
80 183
80 502
80 289
80 225
80 180
81 338
81 215
81 476
81 364
81 328
82 459
82 192
82 554
82 636
82 308
83 517
83 156
83 388
83 131
83 221
84 364
84 659
84 228
84 338
84 293
85 297
85 155
85 343
85 473
85 438
86 454
86 27
86 464
86 314
86 144
87 469
87 543
87 485
87 546
87 421
87 550
88 367
88 175
88 618
88 519
88 433
89 377
89 313
89 278
89 657
89 668
90 400
90 667
90 247
90 173
90 313
91 517
91 156
91 388
91 83
91 131
91 221
92 44
92 501
92 316
92 525
92 491
93 586
93 56
93 503
93 334
93 635
93 241
94 354
94 260
94 525
94 58
94 166
95 277
95 594
95 489
95 123
95 320
95 281
96 433
96 88
96 441
96 178
96 519
97 119
97 75
97 282
97 449
97 359
97 272
98 651
98 363
98 413
98 284
98 207
99 491
99 258
99 525
99 92
99 431
100 171
100 105
100 379
100 600
100 232
101 77
101 229
101 135
101 493
101 169
102 517
102 156
102 388
102 83
102 131
102 221
103 570
103 592
103 402
103 641
103 620
104 146
104 240
104 461
104 487
104 212
104 541
105 379
105 650
105 636
105 100
105 600
106 473
106 479
106 518
106 163
106 238
107 278
107 235
107 565
107 630
107 477
108 610
108 268
108 335
108 446
108 539
108 528
109 15
109 204
109 43
109 407
109 140
110 439
110 671
110 125
110 481
110 599
111 73
111 220
111 219
111 380
111 332
112 517
112 156
112 388
112 83
112 131
112 221
113 152
113 672
113 40
113 637
113 143
114 164
114 491
114 198
114 274
114 316
115 28
115 185
115 145
115 187
115 674
116 305
116 302
116 324
116 655
116 158
117 682
117 348
117 235
117 217
117 8
118 450
118 239
118 178
118 441
118 296
119 75
119 282
119 449
119 359
119 272
120 610
120 268
120 335
120 446
120 539
120 528
121 273
121 175
121 38
121 283
121 624
122 326
122 645
122 376
122 196
122 549
123 277
123 594
123 489
123 320
123 281
124 183
124 230
124 502
124 225
124 661
124 289
125 105
125 598
125 307
125 599
125 110
126 470
126 495
126 362
126 322
126 233
127 470
127 126
127 495
127 362
127 322
127 233
128 195
128 571
128 263
128 395
128 581
129 270
129 339
129 606
129 415
129 345
130 62
130 328
130 77
130 401
130 399
131 517
131 156
131 388
131 83
131 221
132 151
132 585
132 410
132 342
132 616
132 16
133 539
133 377
133 313
133 436
133 315
134 391
134 409
134 142
134 647
134 645
135 192
135 531
135 493
135 169
135 101
136 65
136 48
136 679
136 70
136 426
137 589
137 352
137 368
137 71
137 617
138 386
138 635
138 503
138 162
138 241
139 610
139 268
139 335
139 446
139 539
139 528
140 665
140 15
140 513
140 153
140 407
141 8
141 239
141 217
141 117
141 331
142 100
142 326
142 134
142 465
142 171
143 152
143 672
143 40
143 113
143 637
144 542
144 454
144 27
144 464
144 314
145 674
145 54
145 551
145 34
145 187
146 240
146 461
146 487
146 212
146 541
147 20
147 319
147 12
147 559
147 288
148 0
148 38
148 631
148 273
148 231
149 29
149 325
149 19
149 444
149 237
149 353
150 454
150 27
150 429
150 484
150 464
151 585
151 410
151 342
151 616
151 16
152 586
152 56
152 503
152 334
152 635
152 241
153 64
153 665
153 513
153 140
153 15
154 647
154 293
154 185
154 468
154 414
155 664
155 59
155 330
155 337
155 349
156 517
156 388
156 83
156 131
156 221
157 371
157 320
157 71
157 375
157 430
158 144
158 612
158 607
158 340
158 302
159 191
159 648
159 316
159 250
159 53
160 337
160 57
160 223
160 301
160 523
161 610
161 268
161 335
161 446
161 539
161 528
162 386
162 635
162 138
162 503
162 241
163 59
163 182
163 351
163 473
163 106
164 491
164 297
164 316
164 621
164 393
165 124
165 510
165 615
165 404
165 574
166 58
166 265
166 24
166 260
166 567
167 160
167 223
167 434
167 203
167 57
168 516
168 671
168 397
168 453
168 678
169 101
169 537
169 403
169 135
169 192
170 75
170 193
170 359
170 282
170 261
171 326
171 22
171 365
171 42
171 142
172 591
172 239
172 601
172 512
172 76
173 179
173 400
173 667
173 418
173 299
173 420
174 125
174 68
174 398
174 269
174 625
175 350
175 283
175 121
175 88
175 624
176 256
176 330
176 511
176 343
176 473
177 449
177 75
177 272
177 637
177 40
178 394
178 96
178 519
178 118
178 441
179 400
179 667
179 418
179 299
179 420
180 230
180 225
180 183
180 80
180 502
181 384
181 208
181 482
181 507
181 406
182 351
182 479
182 473
182 106
182 163
183 230
183 502
183 225
183 661
183 289
184 215
184 81
184 279
184 476
184 462
185 468
185 28
185 674
185 414
185 39
186 569
186 127
186 294
186 211
186 311
187 551
187 34
187 145
187 115
187 674
188 540
188 78
188 529
188 635
188 73
189 71
189 411
189 352
189 219
189 371
190 290
190 460
190 582
190 442
190 445
191 316
191 417
191 509
191 549
191 648
192 236
192 72
192 459
192 554
192 403
193 427
193 610
193 446
193 139
193 10
194 323
194 446
194 568
194 348
194 251
195 155
195 328
195 659
195 581
195 338
196 122
196 627
196 417
196 549
196 49
197 517
197 156
197 388
197 83
197 131
197 221
198 508
198 114
198 92
198 491
198 206
199 399
199 504
199 276
199 13
199 62
200 381
200 565
200 657
200 630
200 682
201 611
201 211
201 186
201 294
201 311
202 418
202 563
202 547
202 37
202 321
203 160
203 434
203 276
203 167
203 223
204 29
204 577
204 325
204 63
204 107
205 605
205 64
205 547
205 424
205 466
206 491
206 525
206 501
206 198
206 508
207 651
207 363
207 413
207 284
207 98
208 384
208 521
208 457
208 412
208 623
209 610
209 268
209 335
209 446
209 539
209 528
210 31
210 460
210 4
210 244
210 352
211 569
211 127
211 186
211 294
211 311
212 146
212 240
212 461
212 487
212 541
213 119
213 75
213 282
213 449
213 359
213 272
214 72
214 370
214 285
214 50
214 393
215 184
215 328
215 81
215 32
215 428
216 158
216 70
216 218
216 430
216 76
217 682
217 348
217 235
217 8
217 117
218 314
218 542
218 144
218 663
218 204
219 411
219 178
219 189
219 371
219 352
220 332
220 380
220 357
220 589
220 111
221 517
221 156
221 388
221 83
221 131
222 470
222 126
222 495
222 362
222 322
222 233
223 301
223 523
223 167
223 203
223 160
224 517
224 156
224 388
224 83
224 131
224 221
225 183
225 230
225 502
225 661
225 289
226 172
226 15
226 614
226 153
226 513
227 636
227 431
227 511
227 480
227 417
228 621
228 537
228 364
228 659
228 476
229 169
229 77
229 135
229 234
229 101
230 183
230 502
230 225
230 661
230 289
231 221
231 52
231 148
231 102
231 270
232 42
232 499
232 164
232 114
232 100
233 470
233 126
233 495
233 362
233 322
234 242
234 135
234 101
234 229
234 215
235 381
235 565
235 200
235 657
235 630
235 682
236 192
236 349
236 72
236 280
236 403
237 29
237 325
237 19
237 444
237 353
238 155
238 443
238 106
238 522
238 337
239 200
239 657
239 474
239 296
239 682
240 146
240 461
240 487
240 212
240 541
241 586
241 56
241 503
241 334
241 635
242 662
242 401
242 7
242 234
242 515
243 179
243 400
243 667
243 418
243 299
243 420
244 210
244 478
244 352
244 451
244 466
245 379
245 248
245 100
245 600
245 524
246 268
246 51
246 450
246 608
246 209
247 179
247 400
247 667
247 418
247 299
247 420
248 216
248 60
248 100
248 391
248 31
249 537
249 548
249 338
249 245
249 595
250 92
250 316
250 354
250 159
250 53
251 610
251 268
251 335
251 446
251 539
251 528
252 488
252 477
252 366
252 545
252 527
253 469
253 543
253 485
253 546
253 421
253 550
254 556
254 477
254 89
254 668
254 204
255 330
255 349
255 85
255 155
255 256
256 297
256 255
256 376
256 473
256 349
257 64
257 545
257 358
257 366
257 252
258 274
258 431
258 99
258 114
258 92
259 517
259 156
259 388
259 83
259 131
259 221
260 58
260 94
260 265
260 24
260 166
261 75
261 193
261 359
261 170
261 282
262 514
262 426
262 679
262 136
262 510
263 69
263 659
263 462
263 328
263 587
264 13
264 638
264 351
264 79
264 310
265 632
265 573
265 260
265 58
265 291
266 586
266 56
266 503
266 334
266 635
266 241
267 586
267 56
267 503
267 334
267 635
267 241
268 610
268 335
268 446
268 539
268 528
269 364
269 338
269 548
269 523
269 69
270 156
270 91
270 52
270 440
270 639
271 380
271 76
271 451
271 411
271 309
272 119
272 75
272 282
272 449
272 359
273 121
273 350
273 613
273 162
273 38
274 431
274 393
274 21
274 5
274 114
275 151
275 585
275 410
275 342
275 616
275 16
276 203
276 167
276 199
276 301
276 62
277 594
277 489
277 123
277 320
277 281
278 381
278 565
278 200
278 657
278 630
278 682
279 581
279 195
279 659
279 462
279 184
280 192
280 330
280 236
280 72
280 403
281 277
281 594
281 489
281 123
281 320
282 119
282 75
282 449
282 359
282 272
283 273
283 175
283 38
283 121
283 624
284 651
284 363
284 413
284 98
284 207
285 621
285 393
285 50
285 214
285 297
286 208
286 384
286 521
286 457
286 412
286 623
287 375
287 430
287 663
287 71
287 564
288 666
288 675
288 582
288 536
288 20
289 183
289 230
289 502
289 225
289 661
290 287
290 564
290 416
290 442
290 460
291 361
291 533
291 49
291 58
291 265
292 189
292 290
292 416
292 54
292 460
293 428
293 84
293 419
293 647
293 154
294 569
294 127
294 186
294 211
294 311
295 208
295 384
295 286
295 482
295 521
296 485
296 469
296 87
296 494
296 421
297 473
297 164
297 192
297 393
297 285
298 646
298 355
298 614
298 612
298 76
299 179
299 400
299 667
299 418
299 420
300 586
300 56
300 503
300 334
300 635
300 241
301 223
301 523
301 276
301 167
301 160
302 577
302 237
302 355
302 612
302 325
303 470
303 126
303 495
303 362
303 322
303 233
304 4
304 379
304 5
304 365
304 22
305 318
305 607
305 275
305 558
305 342
306 517
306 156
306 388
306 83
306 131
306 221
307 398
307 81
307 498
307 125
307 476
308 50
308 583
308 192
308 79
308 370
309 271
309 246
309 411
309 450
309 387
310 638
310 264
310 604
310 351
310 79
311 569
311 127
311 186
311 294
311 211
312 227
312 431
312 600
312 584
312 534
313 539
313 377
313 133
313 436
313 315
314 542
314 144
314 454
314 27
314 464
315 539
315 377
315 313
315 133
315 436
316 250
316 53
316 164
316 491
316 92
317 650
317 50
317 72
317 214
317 456
318 151
318 585
318 410
318 342
318 616
318 16
319 193
319 416
319 352
319 666
319 67
320 277
320 594
320 489
320 123
320 281
321 179
321 400
321 667
321 418
321 299
321 420
322 470
322 126
322 495
322 362
322 233
323 610
323 268
323 335
323 446
323 539
323 528
324 612
324 663
324 355
324 588
324 302
325 29
325 19
325 444
325 237
325 353
326 216
326 414
326 561
326 4
326 478
327 469
327 421
327 87
327 550
327 253
328 263
328 81
328 195
328 364
328 69
329 58
329 522
329 638
329 68
329 572
330 544
330 155
330 337
330 59
330 660
331 8
331 239
331 217
331 117
331 141
332 112
332 552
332 231
332 73
332 224
333 110
333 168
333 671
333 481
333 439
334 586
334 56
334 503
334 635
334 241
335 610
335 268
335 446
335 539
335 528
336 470
336 126
336 495
336 362
336 322
336 233
337 160
337 572
337 59
337 330
337 155
338 659
338 423
338 328
338 269
338 195
339 415
339 452
339 201
339 606
339 345
340 542
340 144
340 454
340 27
340 464
340 314
341 425
341 568
341 631
341 17
341 628
342 151
342 585
342 410
342 616
342 16
343 511
343 438
343 176
343 297
343 473
344 165
344 262
344 483
344 510
344 43
345 415
345 452
345 201
345 606
345 339
346 517
346 156
346 388
346 83
346 131
346 221
347 451
347 239
347 331
347 141
347 646
348 323
348 446
348 568
348 251
348 194
349 337
349 192
349 403
349 236
349 155
350 0
350 273
350 519
350 38
350 175
351 155
351 579
351 544
351 163
351 59
352 71
352 189
352 430
352 157
352 219
353 29
353 325
353 19
353 444
353 237
354 625
354 92
354 525
354 250
354 378
355 577
355 237
355 302
355 612
355 325
356 469
356 543
356 485
356 546
356 421
356 550
357 111
357 332
357 380
357 220
357 589
358 547
358 64
358 202
358 37
358 366
359 119
359 75
359 282
359 449
359 272
360 14
360 493
360 13
360 504
360 399
361 265
361 58
361 23
361 291
361 374
362 470
362 126
362 495
362 322
362 233
363 651
363 413
363 284
363 98
363 207
364 195
364 69
364 228
364 81
364 328
365 4
365 451
365 344
365 65
365 22
366 202
366 252
366 64
366 527
366 358
367 470
367 126
367 495
367 362
367 322
367 233
368 52
368 221
368 71
368 675
368 609
369 470
369 126
369 495
369 362
369 322
369 233
370 50
370 459
370 192
370 72
370 308
371 277
371 489
371 157
371 123
371 181
372 160
372 337
372 522
372 538
372 572
373 610
373 268
373 335
373 446
373 539
373 528
374 351
374 265
374 291
374 579
374 361
375 281
375 603
375 157
375 489
375 594
376 549
376 256
376 36
376 196
376 122
377 539
377 313
377 133
377 436
377 315
378 343
378 403
378 297
378 438
378 337
379 524
379 499
379 365
379 42
379 100
380 406
380 649
380 558
380 371
380 411
381 565
381 200
381 657
381 630
381 682
382 470
382 126
382 495
382 362
382 322
382 233
383 21
383 534
383 18
383 417
383 509
384 208
384 521
384 457
384 412
384 623
385 57
385 504
385 62
385 399
385 59
386 586
386 56
386 503
386 334
386 635
386 241
387 309
387 529
387 246
387 450
387 558
388 517
388 156
388 83
388 131
388 221
389 109
389 344
389 553
389 646
389 324
390 324
390 257
390 252
390 500
390 545
391 22
391 47
391 171
391 31
391 499
392 582
392 536
392 575
392 345
392 339
393 431
393 214
393 274
393 456
393 164
394 436
394 133
394 377
394 315
394 313
395 256
395 269
395 68
395 46
395 33
396 183
396 230
396 502
396 225
396 661
396 289
397 92
397 453
397 168
397 198
397 206
398 480
398 105
398 636
398 498
398 476
399 13
399 62
399 385
399 504
399 360
400 179
400 667
400 418
400 299
400 420
401 328
401 662
401 587
401 515
401 130
402 586
402 56
402 503
402 334
402 241
403 349
403 459
403 554
403 236
403 192
404 183
404 230
404 502
404 225
404 661
404 289
405 32
405 647
405 476
405 428
405 215
406 384
406 208
406 482
406 181
406 507
407 665
407 15
407 513
407 140
407 153
408 517
408 156
408 388
408 83
408 131
408 221
409 387
409 74
409 309
409 271
409 422
410 151
410 585
410 342
410 616
410 16
411 558
411 309
411 371
411 450
411 380
412 208
412 384
412 521
412 457
412 623
413 651
413 363
413 284
413 98
413 207
414 31
414 271
414 39
414 216
414 185
415 266
415 497
415 334
415 56
415 93
416 666
416 564
416 290
416 442
416 460
417 25
417 480
417 18
417 549
417 227
418 179
418 400
418 667
418 299
418 420
419 422
419 650
419 154
419 647
419 293
420 179
420 400
420 667
420 418
420 299
421 469
421 543
421 485
421 546
421 550
422 271
422 414
422 647
422 409
422 74
423 664
423 195
423 50
423 338
423 428
424 205
424 64
424 37
424 547
424 358
425 121
425 624
425 613
425 273
425 38
426 514
426 679
426 136
426 510
426 262
427 610
427 268
427 335
427 446
427 539
427 528
428 364
428 215
428 476
428 423
428 32
429 454
429 27
429 484
429 464
429 150
430 318
430 86
430 585
430 16
430 157
431 274
431 92
431 393
431 227
431 44
432 470
432 126
432 495
432 362
432 322
432 233
433 367
433 175
433 618
433 519
433 88
434 301
434 223
434 276
434 203
434 167
435 470
435 126
435 495
435 362
435 322
435 233
436 539
436 377
436 313
436 133
436 315
437 383
437 274
437 5
437 21
437 652
438 297
438 58
438 49
438 572
438 378
439 110
439 168
439 671
439 481
439 333
440 517
440 156
440 388
440 83
440 131
440 221
441 96
441 433
441 12
441 118
441 178
442 290
442 582
442 445
442 190
442 460
443 106
443 572
443 337
443 479
443 238
444 29
444 325
444 19
444 237
444 353
445 290
445 460
445 582
445 442
445 190
446 610
446 268
446 335
446 539
446 528
447 517
447 156
447 388
447 83
447 131
447 221
448 470
448 126
448 495
448 362
448 322
448 233
449 119
449 75
449 282
449 359
449 272
450 427
450 161
450 246
450 209
450 496
451 141
451 646
451 331
451 344
451 347
452 487
452 240
452 66
452 212
452 202
453 516
453 678
453 168
453 671
453 481
454 542
454 144
454 27
454 464
454 314
455 422
455 645
455 647
455 134
455 409
456 554
456 192
456 459
456 393
456 72
457 208
457 384
457 521
457 412
457 623
458 284
458 98
458 207
458 286
458 482
459 236
459 554
459 72
459 403
459 192
460 445
460 190
460 290
460 442
460 416
461 146
461 240
461 487
461 212
461 541
462 587
462 328
462 659
462 279
462 263
463 179
463 400
463 667
463 418
463 299
463 420
464 542
464 144
464 454
464 27
464 314
465 646
465 136
465 347
465 478
465 451
466 39
466 478
466 205
466 244
466 424
467 381
467 565
467 200
467 657
467 630
467 682
468 36
468 584
468 185
468 28
468 154
469 543
469 485
469 546
469 421
469 550
470 126
470 495
470 362
470 322
470 233
471 240
471 487
471 597
471 212
471 211
472 470
472 126
472 495
472 362
472 322
472 233
473 337
473 511
473 163
473 343
473 297
474 381
474 565
474 200
474 657
474 630
474 682
475 466
475 344
475 451
475 17
475 483
476 228
476 548
476 81
476 428
476 398
477 278
477 235
477 565
477 630
477 107
478 141
478 76
478 347
478 465
478 451
479 522
479 385
479 443
479 163
479 106
480 625
480 636
480 431
480 417
480 227
481 439
481 333
481 671
481 599
481 110
482 208
482 384
482 521
482 457
482 412
482 623
483 262
483 451
483 510
483 17
483 344
484 454
484 27
484 429
484 464
484 150
485 469
485 543
485 546
485 421
485 550
486 55
486 236
486 456
486 72
486 317
487 146
487 240
487 461
487 212
487 541
488 107
488 254
488 252
488 64
488 545
489 277
489 594
489 123
489 320
489 281
490 586
490 56
490 503
490 334
490 635
490 241
491 501
491 198
491 44
491 316
491 92
492 253
492 356
492 550
492 546
492 543
493 399
493 360
493 77
493 14
493 13
494 469
494 543
494 485
494 546
494 421
494 550
495 470
495 126
495 362
495 322
495 233
496 610
496 268
496 335
496 446
496 539
496 528
497 586
497 56
497 503
497 334
497 635
497 241
498 307
498 269
498 476
498 636
498 398
499 42
499 365
499 379
499 391
499 232
500 665
500 218
500 488
500 545
500 252
501 5
501 417
501 206
501 92
501 491
502 183
502 230
502 225
502 661
502 289
503 586
503 56
503 334
503 635
503 241
504 385
504 62
504 360
504 13
504 399
505 277
505 594
505 489
505 123
505 320
505 281
506 470
506 126
506 495
506 362
506 322
506 233
507 208
507 384
507 521
507 457
507 412
507 623
508 491
508 21
508 573
508 206
508 44
509 417
509 549
509 18
509 383
509 25
510 262
510 426
510 679
510 615
510 574
511 297
511 473
511 343
511 227
511 636
512 296
512 601
512 661
512 124
512 183
513 64
513 665
513 140
513 153
513 15
514 574
514 117
514 577
514 353
514 63
515 504
515 130
515 662
515 401
515 360
516 53
516 453
516 168
516 397
516 92
517 156
517 388
517 83
517 131
517 221
518 330
518 163
518 479
518 238
518 106
519 433
519 350
519 138
519 162
519 88
520 142
520 580
520 677
520 187
520 7
521 208
521 384
521 457
521 412
521 623
522 638
522 479
522 238
522 538
522 372
523 301
523 269
523 337
523 155
523 160
524 171
524 100
524 245
524 379
524 42
525 94
525 44
525 491
525 92
525 206
526 155
526 337
526 459
526 644
526 349
527 406
527 545
527 252
527 488
527 366
528 610
528 268
528 335
528 446
528 539
529 246
529 449
529 119
529 75
529 282
530 277
530 594
530 489
530 123
530 320
530 281
531 333
531 223
531 555
531 203
531 504
532 517
532 156
532 388
532 83
532 131
532 221
533 627
533 632
533 44
533 291
533 49
534 227
534 383
534 417
534 5
534 312
535 470
535 126
535 495
535 362
535 322
535 233
536 569
536 432
536 557
536 435
536 233
537 280
537 192
537 403
537 72
537 554
538 337
538 57
538 372
538 572
538 522
539 610
539 268
539 335
539 446
539 528
540 586
540 56
540 503
540 334
540 635
540 241
541 146
541 240
541 461
541 487
541 212
542 144
542 454
542 27
542 464
542 314
543 469
543 485
543 546
543 421
543 550
544 660
544 330
544 337
544 351
544 59
545 488
545 477
545 366
545 527
545 252
546 469
546 543
546 485
546 421
546 550
547 247
547 243
547 418
547 37
547 202
548 428
548 338
548 69
548 269
548 476
549 18
549 509
549 196
549 25
549 417
550 469
550 543
550 485
550 546
550 421
551 257
551 513
551 665
551 500
551 34
552 517
552 156
552 388
552 83
552 131
552 221
553 484
553 29
553 353
553 444
553 19
554 393
554 72
554 192
554 459
554 403
555 678
555 9
555 135
555 531
555 642
556 29
556 325
556 19
556 444
556 237
556 353
557 470
557 126
557 495
557 362
557 322
557 233
558 246
558 505
558 489
558 320
558 123
559 20
559 2
559 675
559 261
559 170
560 454
560 514
560 340
560 48
560 70
561 654
561 484
561 357
561 326
561 589
562 470
562 126
562 495
562 362
562 322
562 233
563 179
563 400
563 667
563 418
563 299
563 420
564 494
564 666
564 663
564 290
564 287
565 381
565 200
565 657
565 630
565 682
566 426
566 262
566 65
566 679
566 136
567 583
567 260
567 596
567 24
567 166
568 323
568 446
568 348
568 251
568 194
569 470
569 126
569 495
569 362
569 322
569 233
570 251
570 139
570 268
570 539
570 528
571 580
571 128
571 629
571 576
571 523
572 538
572 372
572 438
572 337
572 68
573 600
573 206
573 508
573 265
573 44
574 124
574 510
574 615
574 165
574 404
575 536
575 201
575 339
575 345
575 392
576 462
576 125
576 263
576 598
576 571
577 29
577 325
577 19
577 444
577 237
577 353
578 421
578 87
578 253
578 543
578 546
579 638
579 583
579 351
579 676
579 374
580 174
580 625
580 576
580 571
580 7
581 659
581 57
581 364
581 155
581 195
582 290
582 536
582 442
582 190
582 445
583 297
583 192
583 308
583 370
583 676
584 291
584 49
584 44
584 312
584 468
585 151
585 410
585 342
585 616
585 16
586 56
586 503
586 334
586 635
586 241
587 462
587 195
587 328
587 659
587 263
588 657
588 302
588 630
588 246
588 682
589 332
589 380
589 357
589 561
589 137
590 79
590 256
590 310
590 638
590 653
591 204
591 614
591 172
591 254
591 76
592 614
592 424
592 347
592 441
592 118
593 517
593 156
593 388
593 83
593 131
593 221
594 277
594 489
594 123
594 320
594 281
595 280
595 285
595 169
595 192
595 537
596 438
596 567
596 79
596 604
596 166
597 146
597 240
597 461
597 487
597 212
597 541
598 105
598 397
598 125
598 576
598 100
599 439
599 671
599 125
599 481
599 110
600 21
600 105
600 100
600 573
600 312
601 239
601 172
601 646
601 296
601 512
602 275
602 560
602 585
602 217
602 70
603 277
603 594
603 489
603 123
603 320
603 281
604 260
604 676
604 24
604 265
604 79
605 165
605 469
605 87
605 485
605 117
606 452
606 201
606 129
606 345
606 339
607 318
607 275
607 558
607 305
607 342
608 610
608 268
608 335
608 446
608 539
608 528
609 266
609 241
609 586
609 300
609 490
610 268
610 335
610 446
610 539
610 528
611 470
611 126
611 495
611 362
611 322
611 233
612 577
612 237
612 355
612 302
612 325
613 425
613 121
613 624
613 273
613 38
614 76
614 165
614 615
614 512
614 574
615 124
615 510
615 165
615 404
615 574
616 151
616 585
616 410
616 342
616 16
617 190
617 71
617 332
617 137
617 368
618 470
618 126
618 495
618 362
618 322
618 233
619 610
619 268
619 335
619 446
619 539
619 528
620 570
620 402
620 641
620 592
620 103
621 285
621 393
621 50
621 164
621 297
622 586
622 56
622 503
622 334
622 635
622 241
623 208
623 384
623 521
623 457
623 412
624 273
624 175
624 38
624 121
624 283
625 480
625 250
625 53
625 92
625 174
626 625
626 99
626 94
626 354
626 525
627 549
627 49
627 417
627 25
627 533
628 679
628 426
628 217
628 117
628 262
629 203
629 167
629 523
629 160
629 223
630 381
630 565
630 200
630 657
630 682
631 425
631 283
631 38
631 148
631 273
632 49
632 291
632 265
632 533
632 58
633 464
633 542
633 144
633 340
633 314
634 297
634 285
634 21
634 383
634 79
635 586
635 56
635 503
635 334
635 241
636 511
636 45
636 498
636 227
636 398
637 152
637 672
637 40
637 113
637 143
638 604
638 676
638 579
638 58
638 351
639 517
639 156
639 388
639 83
639 131
639 221
640 586
640 56
640 503
640 334
640 635
640 241
641 592
641 103
641 570
641 402
641 620
642 626
642 94
642 555
642 678
642 354
643 470
643 126
643 495
643 362
643 322
643 233
644 349
644 526
644 664
644 155
644 337
645 142
645 647
645 122
645 154
645 134
646 614
646 512
646 451
646 347
646 601
647 293
647 422
647 154
647 419
647 134
648 316
648 417
648 509
648 549
648 191
649 489
649 281
649 505
649 295
649 568
650 50
650 45
650 419
650 105
650 317
651 363
651 413
651 284
651 98
651 207
652 456
652 274
652 393
652 21
652 437
653 583
653 438
653 85
653 590
653 638
654 144
654 454
654 542
654 27
654 340
655 558
655 410
655 16
655 607
655 305
656 651
656 363
656 413
656 284
656 98
656 207
657 381
657 565
657 200
657 630
657 682
658 36
658 308
658 214
658 370
658 50
659 587
659 263
659 69
659 195
659 328
660 544
660 57
660 167
660 330
660 59
661 183
661 230
661 502
661 225
661 289
662 493
662 13
662 360
662 515
662 401
663 556
663 19
663 577
663 29
663 237
664 85
664 59
664 544
664 644
664 155
665 64
665 513
665 140
665 153
665 15
666 667
666 243
666 247
666 463
666 179
667 179
667 400
667 418
667 299
667 420
668 377
668 313
668 278
668 657
668 89
669 586
669 56
669 503
669 334
669 635
669 241
670 610
670 268
670 335
670 446
670 539
670 528
671 439
671 168
671 453
671 481
671 678
672 152
672 40
672 113
672 637
672 143
673 531
673 168
673 203
673 372
673 678
674 39
674 185
674 257
674 28
674 414
675 261
675 241
675 267
675 497
675 609
676 260
676 265
676 579
676 583
676 58
677 645
677 187
677 7
677 520
677 142
678 673
678 481
678 453
678 168
678 671
679 514
679 426
679 136
679 510
679 262
680 146
680 240
680 461
680 487
680 212
680 541
681 586
681 56
681 503
681 334
681 635
681 241
682 381
682 565
682 200
682 657
682 630
